-362
-991
193
-185
-530
994
79
623
-77
780
269
405
571
-808
586
901
727
709
-367
798
-296
-385
43
904
495
-347
708
657
345
278
880
994
950
-556
648
815
214
527
-46
-842
-15
-282
143
71
622
-557
275
599
-58
839
182
-950
-851
-387
892
-609
-876
-87
766
298
427
205
-855
-158
25
-347
-621
-951
-837
146
-882
20
873
-45
312
940
194
873
-452
586
17
-436
-311
491
-5
99
-239
-926
-425
413
190
-608
-592
1000
310
453
-975
822
-565
287
274
560
-908
854
-38
981
412
198
247
-935
-174
-450
-494
-566
-423
717
-863
-537
-249
771
447
-403
276
-77
-908
256
-71
882
384
348
-107
897
112
-921
419
-470
542
-927
374
708
-548
-986
674
277
198
-159
679
-326
-992
-485
-287
10
-923
360
-399
-226
-85
508
-871
413
-852
798
-479
-557
966
34
510
158
816
-378
678
493
560
679
-335
298
901
689
851
-581
-307
-652
-854
657
-68
-739
-130
-871
-811
552
-751
-362
-651
-17
-830
630
311
605
-584
-42
199
-264
934
-65
-550
-406
263
890
-717
107
-333
531
-336
635
-286
-246
64
-833
-461
759
-46
596
-884
-604
999
-243
464
192
-580
808
11
122
525
-495
705
381
-651
530
-290
-236
320
-430
892
-921
-626
507
-927
-691
715
513
830
-24
842
440
-202
-533
-236
951
343
-46
95
-906
-510
-1000
564
-855
-38
-423
821
-89
-563
18
847
-78
-338
777
-951
-241
-693
-741
684
74
-960
-623
309
-724
-37
-566
-147
704
-961
580
-465
833
243
-434
33
-686
-75
-308
306
-326
-954
-396
308
16
-867
-961
375
671
968
89
-110
-536
584
-72
-835
-178
772
-573
-450
337
-628
-232
-224
-828
-114
-983
-765
-862
-478
-19
-333
-36
280
-766
-591
965
648
-146
-197
-694
-552
215
-375
-353
-432
-762
-969
-790
-561
-924
-121
112
653
-314
842
46
434
144
-536
855
-766
-729
-973
667
-412
-693
996
-70
823
878
62
-543
-784
-559
418
291
-987
435
-677
930
127
-7
-931
-961
312
478
149
-89
262
-748
-357
-731
759
-689
709
-871
-299
843
-820
609
985
443
748
92
-10
-263
881
-686
-36
806
746
-304
-31
830
118
-574
421
991
368
444
604
-811
892
-161
-341
-797
-941
549
-10
624
-733
675
671
-102
-876
-879
-681
320
389
-663
-594
-175
791
941
49
-947
625
550
-628
158
724
888
507
527
777
425
972
-119
-858
143
-156
55
876
-787
273
949
809
805
797
711
-894
527
-263
-977
401
-255
-716
-130
951
524
-428
-974
-71
-859
459
391
-365
-548
106
106
-944
-620
-642
-490
352
-17
140
1000
677
538
-77
602
548
-530
195
374
-578
-477
730
-909
-360
-575
-228
320
-435
-67
905
580
-193
799
337
-934
26
714
-921
122
758
-46
548
-878
890
74
71
589
819
378
589
-421
122
-963
866
-275
-464
91
222
-387
-42
-741
892
853
198
77
-451
415
769
339
-792
597
-757
148
706
-130
-383
-441
761
-584
379
10
-375
-321
-452
-982
405
325
-160
336
92
-34
356
-444
-978
652
-202
447
-695
427
-318
595
-858
-615
749
565
759
374
423
-802
-935
272
-893
-593
516
319
575
-650
213
386
251
579
-227
-595
-890
-359
-490
-129
633
663
20
881
783
-368
850
437
-885
-323
941
-753
-538
76
-963
600
-97
514
315
-518
-102
-153
762
99
-915
511
-923
400
620
314
593
214
-781
223
67
634
712
-703
370
-206
-937
-75
233
-683
-257
-583
-4
285
1
335
534
89
-955
-646
-112
-633
246
-33
917
580
-257
87
643
-107
-789
390
-974
200
890
255
-985
-802
427
379
803
488
-680
959
689
-301
185
236
-646
684
876
-717
-535
-248
248
292
-994
430
-262
-800
-700
-624
-682
399
33
689
6
-66
200
501
-72
-383
-806
473
724
-499
776
372
-580
-571
-776
424
890
-685
-673
-174
-848
-889
931
-281
343
356
-483
-803
-348
-602
-450
-396
413
-824
-546
121
-945
964
43
-91
-698
354
-590
23
685
-818
-6
999
-716
20
932
-65
219
-488
-195
290
-487
-322
872
-448
216
-544
210
483
-503
-662
149
-753
809
782
452
723
-194
-478
991
-131
-983
691
317
-464
-429
-156
395
-79
725
935
920
218
831
260
31
-255
-166
-558
357
-363
-268
334
877
890
-898
-220
216
48
-217
857
221
-473
-875
-656
513
742
907
-64
272
681
77
397
793
-777
-263
648
-556
-786
-238
161
654
139
-808
-504
415
443
-147
-771
-897
953
-862
542
-43
-351
-150
399
-794
667
75
277
311
442
860
557
-515
-663
509
-134
423
-171
-811
-758
699
126
-583
-779
514
31
978
-193
-636
613
-169
549
703
-732
-331
478
145
178
-974
528
711
868
336
972
-40
-690
-51
619
54
-429
974
617
-934
557
-957
751
-592
924
-695
233
89
464
81
665
-142
-138
652
414
120
-494
96
889
-570
-683
884
998
425
-44
882
720
386
-646
-514
595
-416
-465
405
-767
548
-875
331
-558
-863
562
-45
-79
181
267
391
-71
411
997
-51
444
640
-582
636
180
188
-793
-917
874
154
487
-567
-252
-978
-850
-324
-201
-412
858
418
48
-997
68
-321
-403
807
583
599
187
-266
-869
228
-970
335
850
-232
-722
-310
969
644
989
899
474
